SetDesc: 'LHAPDFSet_01 proton PDF fit at NNLO - mem=0 => average over replicas, mem=1-90 => Monte Carlo replicas - set generated with APFEL++'
SetIndex: 0000000
Authors: XXXX
Reference: arXiv:xxxx.xxxxx
Format: lhagrid1
DataVersion: 1
Particle: 2212
FlavorScheme: variable
ErrorType: replicas
NumMembers: 91
Flavors: [-5, -4, -3, -2, -1, 21, 1, 2, 3, 4, 5]
OrderQCD: 2
NumFlavors: 5
XMin: 0.000010
XMax: 1
QMin: 1.000000
QMax: 1000.000000
MZ: 91.187600
MUp: 0.000000
MDown: 0.000000
MStrange: 0.000000
MCharm: 1.510000
MBottom: 4.920000
ThresholdUp: 0.000000
ThresholdDown: 0.000000
ThresholdStrange: 0.000000
ThresholdCharm: 1.510000
ThresholdBottom: 4.920000
AlphaS_MZ: 0.118500
AlphaS_OrderQCD: 2
AlphaS_Type: ipol
AlphaS_Qs: [1.000000, 1.053917, 1.112953, 1.177724, 1.248939, 1.327409, 1.414069, 1.510000, 1.510000, 1.621464, 1.746074, 1.885782, 2.042886, 2.220102, 2.420653, 2.648376, 2.907857, 3.204601, 3.545244, 3.937819, 4.392093, 4.920000, 4.920000, 5.520421, 6.221739, 7.044636, 8.014753, 9.164040, 10.532533, 12.170673, 14.142381, 16.529145, 19.435494, 22.996367, 27.387122, 32.837205, 39.648973, 48.223793, 59.098535, 72.996995, 90.902966, 114.164982, 144.647805, 184.953533, 238.747459, 311.243040, 409.931119, 545.688067, 734.478325, 1000.000000, 1000.000000]
AlphaS_Vals: [0.482955, 0.460101, 0.438886, 0.419122, 0.400652, 0.383342, 0.367076, 0.351758, 0.351758, 0.339400, 0.326376, 0.313944, 0.302065, 0.290707, 0.279837, 0.269427, 0.259451, 0.249885, 0.240708, 0.231899, 0.223438, 0.215310, 0.215310, 0.208703, 0.202005, 0.195507, 0.189202, 0.183085, 0.177152, 0.171398, 0.165817, 0.160404, 0.155155, 0.150066, 0.145133, 0.140350, 0.135714, 0.131220, 0.126865, 0.122645, 0.118556, 0.114595, 0.110757, 0.107040, 0.103439, 0.099952, 0.096576, 0.093306, 0.090141, 0.087077, 0.087077]
