SetDesc: 'LHAPDFSet proton PDF fit at NLO - mem=0 => average over replicas, mem=1-95 => Monte Carlo replicas - set generated with APFEL++'
SetIndex: 0000000
Authors: XXXX
Reference: arXiv:xxxx.xxxxx
Format: lhagrid1
DataVersion: 1
Particle: 2212
FlavorScheme: variable
ErrorType: replicas
NumMembers: 96
Flavors: [-5, -4, -3, -2, -1, 21, 1, 2, 3, 4, 5]
OrderQCD: 1
NumFlavors: 5
XMin: 0.000010
XMax: 1
QMin: 1.000000
QMax: 1000.000000
MZ: 91.187600
MUp: 0.000000
MDown: 0.000000
MStrange: 0.000000
MCharm: 1.510000
MBottom: 4.920000
ThresholdUp: 0.000000
ThresholdDown: 0.000000
ThresholdStrange: 0.000000
ThresholdCharm: 1.510000
ThresholdBottom: 4.920000
AlphaS_MZ: 0.118500
AlphaS_OrderQCD: 1
AlphaS_Type: ipol
AlphaS_Qs: [1.000000, 1.053917, 1.112953, 1.177724, 1.248939, 1.327409, 1.414069, 1.510000, 1.510000, 1.621464, 1.746074, 1.885782, 2.042886, 2.220102, 2.420653, 2.648376, 2.907857, 3.204601, 3.545244, 3.937819, 4.392093, 4.920000, 4.920000, 5.520421, 6.221739, 7.044636, 8.014753, 9.164040, 10.532533, 12.170673, 14.142381, 16.529145, 19.435494, 22.996367, 27.387122, 32.837205, 39.648973, 48.223793, 59.098535, 72.996995, 90.902966, 114.164982, 144.647805, 184.953533, 238.747459, 311.243040, 409.931119, 545.688067, 734.478325, 1000.000000, 1000.000000]
AlphaS_Vals: [0.464247, 0.444725, 0.426278, 0.408822, 0.392279, 0.376581, 0.361667, 0.347481, 0.347481, 0.334661, 0.322361, 0.310556, 0.299220, 0.288331, 0.277866, 0.267806, 0.258132, 0.248826, 0.239871, 0.231253, 0.222956, 0.214967, 0.214967, 0.208147, 0.201522, 0.195089, 0.188843, 0.182778, 0.176891, 0.171177, 0.165632, 0.160251, 0.155030, 0.149965, 0.145053, 0.140289, 0.135668, 0.131189, 0.126846, 0.122636, 0.118556, 0.114602, 0.110771, 0.107058, 0.103462, 0.099979, 0.096605, 0.093338, 0.090174, 0.087111, 0.087111]
